0.0  0.0
0.074  0
0.222  0
0.37  0
0.518  0
0.666  0
0.814  1
0.962  13
1.11  22
1.258  77
1.406  159
1.554  285
1.702  454
1.85  666
1.998  952
2.146  1262
2.294  1608
2.442  1994
2.59  2317
2.738  2821
2.886  2967
3.034  3234
3.182  3575
3.33  3673
3.478  3936
3.626  3927
3.774  4068
3.922  4179
4.07  4212
4.218  4259
4.366  4144
4.514  4141
4.662  4190
4.81  4271
4.958  4034
5.106  4028
5.254  3971
5.402  3973
5.55  3776
5.698  3677
5.846  3649
5.994  3606
6.142  3434
6.29  3299
6.438  3312
6.586  3156
6.734  2975
6.882  2952
7.03  2939
7.178  2715
7.326  2645
7.474  2492
7.622  2328
7.77  2263
7.918  2155
8.066  2072
8.214  1950
8.362  1827
8.51  1799
8.658  1636
8.806  1566
8.954  1524
9.102  1336
9.25  1278
9.398  1203
9.546  1120
9.694  1020
9.842  941
9.99  868
10.138  796
10.286  681
10.434  699
10.582  636
10.73  546
10.878  505
11.026  480
11.174  381
11.322  336
11.47  292
11.618  269
11.766  243
11.914  191
12.062  190
12.21  144
12.358  126
12.506  100
12.654  77
12.802  49
12.95  43
13.098  31
13.246  24
13.394  7
13.542  3
13.69  0
13.838  0
13.986  0
14.134  0
14.282  0
14.43  0
14.578  0
